8.20000 0.00240
8.20500 0.00190
8.21000 0.00510
8.21500 0.00210
8.22000 -0.00400
8.22500 0.00330
8.23000 -0.00250
8.23500 -0.00180
8.24000 -0.01180
8.24500 -0.00110
8.25000 -0.00120
8.25500 -0.00090
8.26000 -0.00250
8.26500 0.00550
8.27000 0.00020
8.27500 -0.00080
8.28000 0.00300
8.28500 -0.00030
8.29000 0.00400
8.29500 -0.00070
8.30000 0.00470
8.30500 0.00580
8.30600 0.00270
8.30700 0.00250
8.30800 0.00830
8.30900 -0.00120
8.31000 0.00370
8.31100 0.00480
8.31200 -0.00210
8.31300 0.00540
8.31400 0.00950
8.31500 0.00420
8.31600 0.00630
8.31700 0.00050
8.31800 0.00520
8.31900 0.01350
8.32000 0.00690
8.32100 0.00880
8.32200 0.00660
8.32300 0.00660
8.32400 0.01620
8.32500 0.01370
8.32600 0.00840
8.32700 0.01420
8.32800 0.01760
8.32900 0.02150
8.33000 0.02950
8.33050 0.03220
8.33100 0.03970
8.33150 0.04410
8.33200 0.05060
8.33250 0.04280
8.33300 0.04800
8.33350 0.03740
8.33400 0.04780
8.33450 0.04910
8.33500 0.05700
8.33550 0.05800
8.33600 0.06680
8.33650 0.07730
8.33700 0.09400
8.33750 0.11360
8.33800 0.14910
8.33850 0.18730
8.33900 0.24070
8.33950 0.29230
8.34000 0.34190
8.34050 0.39080
8.34100 0.43130
8.34150 0.47470
8.34200 0.51490
8.34250 0.56980
8.34300 0.62510
8.34350 0.68330
8.34400 0.75560
8.34450 0.81270
8.34500 0.89140
8.34550 0.95810
8.34600 1.04470
8.34650 1.14040
8.34700 1.24410
8.34750 1.35290
8.34800 1.43860
8.34850 1.51700
8.34900 1.56530
8.34950 1.59100
8.35000 1.58440
8.35050 1.55660
8.35100 1.51520
8.35150 1.45640
8.35200 1.39900
8.35250 1.34500
8.35300 1.28530
8.35350 1.22950
8.35400 1.18020
8.35450 1.14600
8.35500 1.11410
8.35550 1.09290
8.35600 1.06340
8.35650 1.05710
8.35700 1.04400
8.35750 1.02120
8.35800 1.00590
8.35850 0.99730
8.35900 0.98020
8.35950 0.96350
8.36000 0.95780
8.36050 0.94860
8.36100 0.94350
8.36150 0.94230
8.36200 0.94370
8.36250 0.95490
8.36300 0.96670
8.36350 0.97690
8.36400 0.99360
8.36450 1.00250
8.36500 1.01030
8.36550 1.01990
8.36600 1.02260
8.36650 1.01520
8.36700 1.01290
8.36750 1.00840
8.36800 1.00730
8.36850 0.98570
8.36900 0.97850
8.36950 0.96160
8.37000 0.95210
8.37050 0.93740
8.37100 0.92120
8.37150 0.90930
8.37200 0.89340
8.37250 0.88050
8.37300 0.87410
8.37350 0.85780
8.37400 0.84720
8.37450 0.84240
8.37500 0.83720
8.37550 0.83000
8.37600 0.82620
8.37650 0.82700
8.37700 0.82120
8.37750 0.81880
8.37800 0.82170
8.37850 0.82740
8.37900 0.82980
8.37950 0.83550
8.38000 0.84280
8.38050 0.84530
8.38100 0.85350
8.38150 0.86130
8.38200 0.86420
8.38250 0.87270
8.38300 0.88040
8.38350 0.87830
8.38400 0.88310
8.38450 0.88400
8.38500 0.88440
8.38550 0.88530
8.38600 0.88540
8.38650 0.89170
8.38700 0.89120
8.38750 0.90060
8.38800 0.90650
8.38850 0.91750
8.38900 0.92490
8.38950 0.92530
8.39000 0.93170
8.39050 0.93020
8.39100 0.93780
8.39150 0.95420
8.39200 0.95450
8.39250 0.96830
8.39300 0.97720
8.39350 0.98420
8.39400 0.98910
8.39450 1.00520
8.39500 1.01050
8.39550 1.01760
8.39600 1.01790
8.39650 1.02290
8.39700 1.03290
8.39750 1.04020
8.39800 1.04820
8.39850 1.05680
8.39900 1.06330
8.39950 1.06880
8.40000 1.07460
8.40100 1.09480
8.40200 1.10690
8.40300 1.11950
8.40400 1.12020
8.40500 1.11670
8.40600 1.11850
8.40700 1.11580
8.40800 1.10160
8.40900 1.09190
8.41000 1.08320
8.41100 1.07040
8.41200 1.05760
8.41300 1.05630
8.41400 1.04430
8.41500 1.03390
8.41600 1.02540
8.41700 1.01760
8.41800 1.01390
8.41900 1.00690
8.42000 0.99930
8.42100 0.99690
8.42200 0.99780
8.42300 0.99680
8.42400 0.99050
8.42500 0.98240
8.42600 0.98310
8.42700 0.97950
8.42800 0.98170
8.42900 0.97970
8.43000 0.97640
8.43100 0.97750
8.43200 0.98010
8.43300 0.98070
8.43400 0.98330
8.43500 0.98500
8.43600 0.98720
8.43700 0.99150
8.43800 0.99340
8.43900 0.99170
8.44000 0.99100
8.44100 0.99810
8.44200 0.99660
8.44300 0.99770
8.44400 0.99720
8.44500 1.00040
8.44600 1.00320
8.44800 0.99790
8.44900 0.99750
8.45000 1.00410
8.45100 1.00030
8.45200 0.99930
8.45300 1.00590
8.45400 0.99780
8.45500 0.99000
8.45600 0.99150
8.45700 0.99090
8.45800 0.99020
8.45900 0.99280
8.46000 0.99170
8.46100 0.99010
8.46200 0.98890
8.46300 0.98340
8.46400 0.97690
8.46500 0.97380
8.46600 0.96900
8.46700 0.96640
8.46800 0.96080
8.46900 0.95780
8.47000 0.95140
8.47100 0.95130
8.47200 0.94810
8.47300 0.94460
8.47400 0.94510
8.47500 0.94890
8.47600 0.94990
8.47700 0.95560
8.47800 0.96270
8.47900 0.97040
8.48000 0.97610
8.48100 0.98300
8.48200 0.98960
8.48300 0.99230
8.48400 0.99900
8.48500 1.00260
8.48600 1.00990
8.48700 1.01290
8.48800 1.01810
8.48900 1.02400
8.49000 1.02200
8.49100 1.02300
8.49200 1.02210
8.49300 1.02370
8.49400 1.02020
8.49500 1.01980
8.49600 1.02280
8.49700 1.02300
8.49800 1.02300
8.49900 1.03130
8.50000 1.02690
8.50100 1.02520
8.50200 1.03130
8.50300 1.03510
8.50400 1.03120
8.50500 1.03400
8.50600 1.03260
8.50700 1.02940
8.50800 1.03120
8.50900 1.03600
8.51000 1.04720
8.51100 1.03710
8.51200 1.04220
8.51300 1.03990
8.51400 1.03970
8.51500 1.03740
8.51600 1.03310
8.51700 1.03300
8.51800 1.03400
8.51900 1.03160
8.52000 1.02170
8.52100 1.02130
8.52200 1.01530
8.52300 1.01290
8.52400 1.00840
8.52500 0.99880
8.52600 0.99720
8.52700 0.99670
8.52800 0.99320
8.52900 0.98320
8.53000 0.98070
8.53100 0.97290
8.53200 0.96250
8.53300 0.95830
8.53400 0.95570
8.53500 0.95490
8.53600 0.95380
8.53700 0.95330
8.53800 0.95170
8.53900 0.95470
8.54000 0.95250
8.54100 0.95310
8.54200 0.95600
8.54300 0.96040
8.54400 0.96000
8.54500 0.96180
8.54600 0.97140
8.54700 0.97030
8.54800 0.97320
8.54900 0.97680
8.55000 0.97920
8.55100 0.97950
8.55200 0.98670
8.55300 0.99070
8.55400 0.98870
8.55500 0.98910
8.55600 0.99120
8.55700 0.99120
8.55800 0.99440
8.55900 0.99550
8.56000 0.99480
8.56100 0.99650
8.56200 0.99450
8.56300 0.99630
8.56400 0.99770
8.56500 0.99770
8.56600 0.99770
8.56700 1.00720
8.56800 1.00520
8.56900 1.00490
8.57000 1.00850
8.57100 1.00400
8.57200 1.00410
8.57300 1.00210
8.57400 1.00740
8.57500 1.00340
8.57600 1.00400
8.57700 1.00370
8.57800 1.00470
8.57900 1.00370
8.58000 1.00130
8.58100 0.99950
8.58200 0.99970
8.58300 1.00290
8.58400 1.00350
8.58500 1.00390
8.58600 1.00290
8.58700 1.00190
8.58800 1.00300
8.58900 1.00310
8.59000 1.00360
8.59100 0.99750
8.59200 0.99760
8.59300 1.00380
8.59400 1.00230
8.59500 1.00390
8.59600 1.00640
8.59700 1.00300
8.59800 1.00200
8.59900 0.99770
8.60000 0.99490
8.60100 0.99480
8.60200 0.99260
8.60300 0.99320
8.60400 0.99140
8.60500 0.98890
8.60600 0.98740
8.60700 0.98950
8.60800 0.98780
8.60900 0.98280
8.61000 0.98040
8.61100 0.98180
8.61200 0.98340
8.61300 0.98210
8.61400 0.98460
8.61500 0.98660
8.61600 0.98910
8.61700 0.98730
8.61800 0.98490
8.61900 0.99610
8.62000 0.99000
8.62100 0.98720
8.62200 0.98610
8.62300 0.98990
8.62400 0.99350
8.62500 0.99100
8.62600 0.98960
8.62700 0.99130
8.62800 0.99450
8.62900 0.99060
8.63000 0.99380
8.63100 0.99210
8.63200 0.99230
8.63300 0.99180
8.63400 0.99170
8.63500 0.99290
8.63600 0.99550
8.63700 0.99400
8.63800 0.99390
8.63900 0.99430
8.64000 0.99620
8.64100 0.99990
8.64200 1.00200
8.64300 1.00040
8.64400 1.00440
8.64500 1.00200
8.64600 1.00180
8.64700 0.99950
8.64800 1.00080
8.64900 1.00320
8.65000 1.00460
8.65100 1.00390
8.65200 1.00390
8.65300 1.00390
8.65400 1.00280
8.65500 1.00160
8.65600 1.00300
8.65700 1.00270
8.65800 1.00330
8.65900 1.00180
8.66000 1.00340
8.66100 1.00490
8.66200 1.00090
8.66300 0.99950
8.66400 1.00320
8.66500 1.00390
8.66600 0.99810
8.66700 0.99260
8.66800 0.99380
8.66900 0.99970
8.67000 0.99510
8.67100 0.98870
8.67200 0.98700
8.67300 0.99200
8.67400 0.98940
8.67500 0.99110
8.67600 0.99220
8.67700 0.98730
8.67800 0.98860
8.67900 0.98700
8.68000 0.98700
8.68100 0.98610
8.68200 0.98540
8.68300 0.98490
8.68400 0.98300
8.68500 0.98280
8.68600 0.98180
8.68700 0.98200
8.68800 0.98270
8.68900 0.98280
8.69000 0.98310
8.69100 0.98370
8.69200 0.98320
8.69300 0.98590
8.69400 0.98730
8.69500 0.98920
8.69600 0.98890
8.69700 0.98800
8.69800 0.98610
8.69900 0.98650
8.70000 0.98670
8.70100 0.99190
8.70200 0.98870
8.70300 0.98830
8.70400 0.98860
8.70500 0.98790
8.70600 0.98760
8.70700 0.98730
8.70800 0.98510
8.70900 0.98260
8.71000 0.98110
8.71100 0.97960
8.71200 0.98620
8.71300 0.98300
8.71400 0.98410
8.71500 0.98570
8.71600 0.98770
8.71700 0.99040
8.71800 0.99290
8.71900 0.99860
8.72000 1.00030
8.72100 1.00040
8.72200 1.00010
8.72300 0.99940
8.72400 0.99840
8.72500 0.99970
8.72600 1.00120
8.72700 1.00200
8.72800 1.00260
8.72900 0.99900
8.73000 1.00320
8.73100 1.00210
8.73200 1.00620
8.73300 1.00800
8.73400 1.00780
8.73500 1.00860
8.73600 1.01160
8.73700 1.01060
8.73800 1.01650
8.73900 1.01330
8.74000 1.01020
8.74100 1.01020
8.74200 1.01530
8.74300 1.01170
8.74400 1.01240
8.74500 1.01300
8.74600 1.01180
8.74700 1.01160
8.74800 1.00910
8.74900 1.00780
8.75000 1.00740
8.75100 1.00640
8.75200 1.00780
8.75300 1.00730
8.75400 1.00340
8.75500 1.00310
8.75600 1.00030
8.75700 1.00190
8.75800 0.99870
8.75900 1.00200
8.76000 0.99930
8.76100 0.99560
8.76200 0.99360
8.76300 0.99120
8.76400 0.99110
8.76500 0.98990
8.76600 0.98810
8.76700 0.98690
8.76800 0.98660
8.76900 0.98440
8.77000 0.98430
8.77100 0.98500
8.77200 0.98640
8.77300 0.98750
8.77400 0.99270
8.77500 0.99090
8.77600 0.98610
8.77700 0.98660
8.77800 0.99040
8.77900 0.99180
8.78000 0.99000
8.78100 0.99110
8.78200 0.99090
8.78300 0.99320
8.78400 0.98990
8.78500 0.99310
8.78600 0.99590
8.78700 0.99370
8.78800 0.99220
8.78900 0.99170
8.79000 0.99160
8.79100 0.98950
8.79200 0.98950
8.79300 0.98760
8.79400 0.98700
8.79500 0.98600
8.79600 0.98590
8.79700 0.98400
8.79800 0.98410
8.79900 0.98320
8.80000 0.98310
8.80100 0.98700
8.80200 0.98620
8.80300 0.98620
8.80400 0.98580
8.80500 0.98630
8.80600 0.98620
8.80700 0.98800
8.80800 0.98760
8.80900 0.98840
8.81000 0.98920
8.81100 0.98850
8.81200 0.98900
8.81300 0.98820
8.81400 0.98730
8.81500 0.98840
8.81600 0.99210
8.81700 0.98760
8.81800 0.98820
8.81900 0.99100
8.82000 0.98990
8.82100 0.98840
8.82200 0.98890
8.82300 0.98750
8.82400 0.98870
8.82500 0.98990
8.82600 0.98820
8.82700 0.98960
8.82800 0.98990
8.82900 0.99010
8.83000 0.99070
8.83100 0.99260
8.83200 0.99160
8.83300 0.98930
8.83400 0.99120
8.83500 0.99000
8.83600 0.98850
8.83700 0.98960
8.83800 0.98950
8.83900 0.99180
8.84000 0.99410
8.84100 0.99290
8.84200 0.99510
8.84300 0.99320
8.84400 0.99330
8.84500 0.99100
8.84600 0.98990
8.84700 0.98970
8.84800 0.98860
8.84900 0.98930
8.85000 0.98730
8.85100 0.98790
8.85200 0.98740
8.85300 0.98670
8.85400 0.98910
8.85500 0.99020
8.85600 0.99180
8.85700 0.99320
8.85800 0.99210
8.85900 0.99410
8.86000 0.99460
8.86100 0.99470
8.86200 0.99540
8.86300 0.99320
8.86400 0.99300
8.86500 0.99250
8.86600 0.99170
8.86700 0.98970
8.86800 0.99050
8.86900 0.99110
8.87000 0.98900
8.87100 0.99170
8.87200 0.98940
8.87300 0.99020
8.87400 0.98720
8.87500 0.98630
8.87600 0.98940
8.87700 0.99050
8.87800 0.98950
8.87900 0.98940
8.88000 0.98930
8.88100 0.98970
8.88200 0.99190
8.88300 0.99240
8.88400 0.99050
8.88500 0.98940
8.88600 0.98910
8.88700 0.98990
8.88800 0.98880
8.88900 0.99090
8.89000 0.99070
8.89100 0.99220
8.89200 0.98980
8.89300 0.98860
8.89400 0.98840
8.89500 0.98720
8.89600 0.98690
8.89700 0.99000
8.89800 0.98720
8.89900 0.98650
8.90000 0.99030
8.90100 0.99200
8.90200 1.00320
8.90300 1.00220
8.90400 1.00260
8.90500 1.00180
8.90600 1.00380
8.90700 1.01050
8.90800 1.00350
8.90900 1.00920
8.91000 1.01680
8.91100 1.01560
8.91200 1.01850
8.91300 1.02330
8.91400 1.02790
8.91500 1.03030
8.91600 1.02690
8.91700 1.02320
8.91800 1.02540
8.91900 1.03050
8.92000 1.02870
8.92100 1.02780
8.92200 1.02340
8.92300 1.02270
8.92400 1.02270
8.92500 1.02150
8.92600 1.02060
8.92700 1.01890
8.92800 1.01860
8.92900 1.01670
8.93000 1.01640
8.93100 1.01600
8.93200 1.01570
8.93300 1.01430
8.93400 1.01310
8.93500 1.01360
8.93600 1.01540
8.93700 1.01570
8.93800 1.01240
8.93900 1.01290
8.94000 1.01320
8.94100 1.01330
8.94200 1.01700
8.94300 1.01860
8.94400 1.02030
8.94500 1.01940
8.94600 1.02080
8.94700 1.01770
8.94800 1.01720
8.94900 1.01820
8.95000 1.01770
8.95100 1.01510
8.95200 1.01200
8.95300 1.01260
8.95400 1.01090
8.95500 1.01180
8.95600 1.01300
8.95700 1.01440
8.95800 1.01220
8.95900 1.01090
8.96000 1.01420
8.96100 1.01250
8.96200 1.01500
8.96300 1.01680
8.96400 1.02480
8.96500 1.02390
8.96600 1.02400
8.96700 1.02150
8.96800 1.01690
8.96900 1.01750
8.97000 1.01970
8.97100 1.02080
8.97200 1.01990
8.97300 1.02380
8.97400 1.02180
8.97500 1.02370
8.97600 1.02300
8.97700 1.02120
8.97800 1.01880
8.97900 1.02160
8.98000 1.01810
8.98100 1.01380
8.98200 1.01280
8.98300 1.01160
8.98400 1.01090
8.98500 1.01500
8.98600 1.01600
8.98700 1.01640
8.98800 1.01320
8.98900 1.01300
8.99000 1.01230
8.99100 1.01380
8.99200 1.01880
8.99300 1.01540
8.99400 1.01410
8.99500 1.01220
8.99600 1.01660
8.99700 1.01610
8.99800 1.01530
8.99900 1.01420
9.00000 1.01460
