8.20000 0.00070
8.20500 0.00230
8.21000 -0.00230
8.21500 0.00130
8.22000 0.00030
8.22500 0.00250
8.23000 -0.00100
8.23500 -0.00120
8.24000 0.00020
8.24500 -0.00020
8.25000 -0.00110
8.25500 -0.00340
8.26000 0.00130
8.26500 0.00110
8.27000 -0.00370
8.27500 -0.00110
8.28000 -0.00200
8.28500 -0.00110
8.29000 0.00380
8.29500 0.00370
8.30000 0.00050
8.30500 0.00220
8.30600 0.00380
8.30700 0.00330
8.30800 0.00440
8.30900 0.00320
8.31000 0.00570
8.31100 0.00630
8.31200 0.00230
8.31300 0.00350
8.31400 0.00540
8.31500 0.00610
8.31600 0.00860
8.31700 0.00520
8.31800 0.00780
8.31900 0.00880
8.32000 0.00690
8.32100 0.00800
8.32200 0.01120
8.32300 0.00800
8.32400 0.00860
8.32500 0.01290
8.32600 0.01160
8.32700 0.01610
8.32800 0.01820
8.32900 0.02600
8.33000 0.03590
8.33050 0.03920
8.33100 0.03720
8.33150 0.03460
8.33200 0.03980
8.33250 0.04220
8.33300 0.04360
8.33350 0.05040
8.33400 0.06390
8.33450 0.07590
8.33500 0.09190
8.33550 0.10490
8.33600 0.12650
8.33650 0.15210
8.33700 0.17990
8.33750 0.22660
8.33800 0.28430
8.33850 0.34180
8.33900 0.39500
8.33950 0.44720
8.34000 0.49450
8.34050 0.55090
8.34100 0.61350
8.34150 0.69180
8.34200 0.78330
8.34250 0.90630
8.34300 1.01580
8.34350 1.12110
8.34400 1.19790
8.34450 1.25580
8.34500 1.33230
8.34550 1.40460
8.34600 1.47100
8.34650 1.56280
8.34700 1.61620
8.34750 1.66740
8.34800 1.65840
8.34850 1.62230
8.34900 1.56620
8.34950 1.49780
8.35000 1.41080
8.35050 1.32900
8.35100 1.27800
8.35150 1.23220
8.35200 1.18560
8.35250 1.14810
8.35300 1.12650
8.35350 1.09780
8.35400 1.06840
8.35450 1.03590
8.35500 0.99140
8.35550 0.94940
8.35600 0.90730
8.35650 0.87120
8.35700 0.84200
8.35750 0.81350
8.35800 0.79670
8.35850 0.79580
8.35900 0.79630
8.35950 0.79840
8.36000 0.81620
8.36050 0.83410
8.36100 0.86220
8.36150 0.88570
8.36200 0.91910
8.36250 0.93760
8.36300 0.94880
8.36350 0.96440
8.36400 0.96360
8.36450 0.95910
8.36500 0.94920
8.36550 0.93790
8.36600 0.92460
8.36650 0.91540
8.36700 0.89870
8.36750 0.89330
8.36800 0.88270
8.36850 0.87900
8.36900 0.87320
8.36950 0.86640
8.37000 0.86320
8.37050 0.85110
8.37100 0.84880
8.37150 0.83630
8.37200 0.82820
8.37250 0.82160
8.37300 0.81010
8.37350 0.81500
8.37400 0.80700
8.37450 0.80730
8.37500 0.80720
8.37550 0.80830
8.37600 0.81620
8.37650 0.82300
8.37700 0.82840
8.37750 0.83440
8.37800 0.84050
8.37850 0.85410
8.37900 0.86430
8.37950 0.87030
8.38000 0.88060
8.38050 0.88950
8.38100 0.89700
8.38150 0.90310
8.38200 0.90910
8.38250 0.91700
8.38300 0.91870
8.38350 0.92240
8.38400 0.92920
8.38450 0.93460
8.38500 0.94640
8.38550 0.95540
8.38600 0.96580
8.38650 0.98150
8.38700 0.99420
8.38750 1.01460
8.38800 1.02870
8.38850 1.04830
8.38900 1.06620
8.38950 1.08180
8.39000 1.09420
8.39050 1.10890
8.39100 1.12210
8.39150 1.13250
8.39200 1.13680
8.39250 1.14620
8.39300 1.15790
8.39350 1.16870
8.39400 1.16720
8.39450 1.17510
8.39500 1.18420
8.39550 1.18880
8.39600 1.19460
8.39650 1.19460
8.39700 1.20120
8.39750 1.19840
8.39800 1.20190
8.39850 1.19850
8.39900 1.19450
8.39950 1.18650
8.40000 1.17940
8.40100 1.15670
8.40200 1.13840
8.40300 1.11740
8.40400 1.09740
8.40500 1.07380
8.40600 1.05140
8.40700 1.02860
8.40800 1.01020
8.40900 0.99590
8.41000 0.98000
8.41100 0.96430
8.41200 0.95080
8.41300 0.93620
8.41400 0.92640
8.41500 0.91590
8.41600 0.90210
8.41700 0.90840
8.41800 0.90170
8.41900 0.90150
8.42000 0.90490
8.42100 0.90590
8.42200 0.91350
8.42300 0.92410
8.42400 0.93410
8.42500 0.94360
8.42600 0.95190
8.42700 0.96250
8.42800 0.96760
8.42900 0.97390
8.43000 0.97480
8.43100 0.97800
8.43200 0.97730
8.43300 0.97720
8.43400 0.98180
8.43500 0.98460
8.43600 0.98420
8.43700 0.98940
8.43800 0.98490
8.43900 0.99670
8.44000 1.00450
8.44100 1.01110
8.44200 1.02390
8.44300 1.03130
8.44400 1.04430
8.44500 1.05270
8.44600 1.06220
8.44700 1.06890
8.44800 1.06720
8.44900 1.07280
8.45000 1.06550
8.45100 1.05690
8.45200 1.04710
8.45300 1.03830
8.45400 1.03240
8.45500 1.01890
8.45600 1.00410
8.45700 0.99550
8.45800 0.98200
8.45900 0.97110
8.46000 0.95230
8.46100 0.94460
8.46200 0.93490
8.46300 0.92940
8.46400 0.92190
8.46500 0.92160
8.46600 0.92500
8.46700 0.93440
8.46800 0.94370
8.46900 0.95770
8.47000 0.97360
8.47100 0.98920
8.47200 1.00970
8.47300 1.02140
8.47400 1.03400
8.47500 1.04600
8.47600 1.05510
8.47700 1.06000
8.47800 1.05900
8.47900 1.05620
8.48000 1.05030
8.48100 1.04460
8.48200 1.04280
8.48300 1.02930
8.48400 1.02760
8.48500 1.01830
8.48600 1.01860
8.48700 1.01380
8.48800 1.01690
8.48900 1.01600
8.49000 1.02160
8.49100 1.02320
8.49200 1.03170
8.49300 1.03680
8.49400 1.03910
8.49500 1.04130
8.49600 1.04670
8.49700 1.05160
8.49800 1.05610
8.49900 1.05960
8.50000 1.05900
8.50100 1.06210
8.50200 1.06260
8.50300 1.05950
8.50400 1.06140
8.50500 1.05820
8.50600 1.05630
8.50700 1.05120
8.50800 1.04460
8.50900 1.04450
8.51000 1.03200
8.51100 1.02710
8.51200 1.01700
8.51300 1.00810
8.51400 0.99870
8.51500 0.98820
8.51600 0.97890
8.51700 0.96550
8.51800 0.95410
8.51900 0.94580
8.52000 0.93120
8.52100 0.92740
8.52200 0.91810
8.52300 0.90730
8.52400 0.90250
8.52500 0.90060
8.52600 0.89880
8.52700 0.89980
8.52800 0.90030
8.52900 0.90750
8.53000 0.91340
8.53100 0.92050
8.53200 0.92910
8.53300 0.93900
8.53400 0.94990
8.53500 0.95990
8.53600 0.97010
8.53700 0.98270
8.53800 0.99810
8.53900 1.00260
8.54000 1.01100
8.54100 1.02030
8.54200 1.03050
8.54300 1.03480
8.54400 1.04000
8.54500 1.04510
8.54600 1.04880
8.54700 1.04810
8.54800 1.05130
8.54900 1.05520
8.55000 1.05240
8.55100 1.04950
8.55200 1.04840
8.55300 1.04780
8.55400 1.04760
8.55500 1.04370
8.55600 1.04170
8.55700 1.03880
8.55800 1.04050
8.55900 1.03540
8.56000 1.03490
8.56100 1.02880
8.56200 1.02290
8.56300 1.02960
8.56400 1.02530
8.56500 1.02140
8.56600 1.02240
8.56700 1.01910
8.56800 1.02080
8.56900 1.02310
8.57000 1.01800
8.57100 1.01650
8.57200 1.01260
8.57300 1.01970
8.57400 1.01480
8.57500 1.01610
8.57600 1.01060
8.57700 1.00480
8.57800 1.00700
8.57900 1.00140
8.58000 1.00510
8.58100 0.99950
8.58200 0.99650
8.58300 1.00120
8.58400 0.99280
8.58500 0.99760
8.58600 0.99600
8.58700 0.99610
8.58800 0.99920
8.58900 0.99820
8.59000 1.00030
8.59100 1.00080
8.59200 1.00580
8.59300 1.00280
8.59400 1.00080
8.59500 0.99810
8.59600 0.99640
8.59700 0.99670
8.59800 0.99430
8.59900 0.98920
8.60000 0.98810
8.60100 0.98290
8.60200 0.98350
8.60300 0.97600
8.60400 0.97630
8.60500 0.97660
8.60600 0.97470
8.60700 0.96990
8.60800 0.96940
8.60900 0.97210
8.61000 0.97000
8.61100 0.96890
8.61200 0.96440
8.61300 0.97150
8.61400 0.97050
8.61500 0.97470
8.61600 0.97590
8.61700 0.97410
8.61800 0.97500
8.61900 0.98200
8.62000 0.98950
8.62100 0.98640
8.62200 0.99150
8.62300 0.99520
8.62400 0.99750
8.62500 1.00110
8.62600 1.00450
8.62700 1.00510
8.62800 1.01110
8.62900 1.01510
8.63000 1.01330
8.63100 1.01870
8.63200 1.01690
8.63300 1.02250
8.63400 1.02170
8.63500 1.02420
8.63600 1.02200
8.63700 1.02590
8.63800 1.02490
8.63900 1.02540
8.64000 1.02160
8.64100 1.02590
8.64200 1.02670
8.64300 1.02790
8.64400 1.02380
8.64500 1.02530
8.64600 1.02470
8.64700 1.02650
8.64800 1.02120
8.64900 1.01920
8.65000 1.01160
8.65100 1.01460
8.65200 1.00910
8.65300 1.00510
8.65400 1.00380
8.65500 1.00210
8.65600 0.99810
8.65700 0.99280
8.65800 0.99120
8.65900 0.98650
8.66000 0.98040
8.66100 0.98410
8.66200 0.98200
8.66300 0.97690
8.66400 0.97440
8.66500 0.97780
8.66600 0.97390
8.66700 0.97900
8.66800 0.97890
8.66900 0.97930
8.67000 0.98130
8.67100 0.98270
8.67200 0.98210
8.67300 0.98030
8.67400 0.98530
8.67500 0.98570
8.67600 0.98870
8.67700 0.98380
8.67800 0.98160
8.67900 0.98750
8.68000 0.98260
8.68100 0.98750
8.68200 0.98470
8.68300 0.98820
8.68400 0.98510
8.68500 0.98100
8.68600 0.98530
8.68700 0.98590
8.68800 0.98480
8.68900 0.98260
8.69000 0.98270
8.69100 0.98740
8.69200 0.98810
8.69300 0.98870
8.69400 0.99000
8.69500 0.98960
8.69600 0.99510
8.69700 0.99090
8.69800 0.99150
8.69900 0.99550
8.70000 0.99720
8.70100 0.99820
8.70200 1.00010
8.70300 1.00220
8.70400 1.00130
8.70500 1.00440
8.70600 1.00440
8.70700 1.00530
8.70800 1.00390
8.70900 1.00650
8.71000 1.00900
8.71100 1.01160
8.71200 1.01310
8.71300 1.01400
8.71400 1.01010
8.71500 1.02190
8.71600 1.02220
8.71700 1.02080
8.71800 1.01890
8.71900 1.01770
8.72000 1.01970
8.72100 1.01820
8.72200 1.01890
8.72300 1.01930
8.72400 1.01480
8.72500 1.01540
8.72600 1.01900
8.72700 1.01340
8.72800 1.01360
8.72900 1.01330
8.73000 1.00780
8.73100 1.00910
8.73200 1.00420
8.73300 1.00540
8.73400 1.00030
8.73500 1.00020
8.73600 0.99350
8.73700 0.99630
8.73800 0.98990
8.73900 0.99110
8.74000 0.98420
8.74100 0.98250
8.74200 0.97930
8.74300 0.97350
8.74400 0.97690
8.74500 0.97630
8.74600 0.97780
8.74700 0.97670
8.74800 0.97420
8.74900 0.97580
8.75000 0.97150
8.75100 0.97340
8.75200 0.97700
8.75300 0.97940
8.75400 0.98180
8.75500 0.98160
8.75600 0.98150
8.75700 0.98200
8.75800 0.98660
8.75900 0.98880
8.76000 0.99110
8.76100 0.98760
8.76200 0.99070
8.76300 0.99260
8.76400 0.99250
8.76500 0.98790
8.76600 0.99220
8.76700 0.99370
8.76800 0.98950
8.76900 0.98790
8.77000 0.99430
8.77100 0.99090
8.77200 0.98880
8.77300 0.99390
8.77400 0.99280
8.77500 0.98740
8.77600 0.99420
8.77700 0.98950
8.77800 0.99300
8.77900 0.99350
8.78000 0.99320
8.78100 0.99430
8.78200 0.99710
8.78300 0.99260
8.78400 0.99410
8.78500 0.99370
8.78600 0.99450
8.78700 0.99250
8.78800 0.98680
8.78900 0.98770
8.79000 0.98930
8.79100 0.98940
8.79200 0.99130
8.79300 0.98820
8.79400 0.99030
8.79500 0.99460
8.79600 0.99090
8.79700 0.99200
8.79800 0.99580
8.79900 0.99230
8.80000 0.99580
8.80100 0.99450
8.80200 0.99280
8.80300 0.99390
8.80400 0.99430
8.80500 0.99940
8.80600 0.99430
8.80700 0.99910
8.80800 0.99630
8.80900 0.99600
8.81000 1.00340
8.81100 1.00140
8.81200 1.00330
8.81300 1.00410
8.81400 1.00460
8.81500 1.00630
8.81600 1.00660
8.81700 1.00960
8.81800 1.00900
8.81900 1.00990
8.82000 1.00750
8.82100 1.01050
8.82200 1.00950
8.82300 1.01200
8.82400 1.00900
8.82500 1.00890
8.82600 1.00760
8.82700 1.00730
8.82800 1.00160
8.82900 1.00710
8.83000 1.00910
8.83100 1.00610
8.83200 1.00310
8.83300 1.00100
8.83400 1.00590
8.83500 1.00300
8.83600 1.00490
8.83700 1.00070
8.83800 0.99910
8.83900 1.00230
8.84000 1.00350
8.84100 1.00020
8.84200 0.99930
8.84300 0.99960
8.84400 1.00100
8.84500 0.99970
8.84600 0.99550
8.84700 1.00020
8.84800 0.99730
8.84900 1.00000
8.85000 0.99660
8.85100 0.99560
8.85200 0.99590
8.85300 0.99810
8.85400 0.99190
8.85500 0.99170
8.85600 0.99540
8.85700 0.99030
8.85800 0.99420
8.85900 0.99380
8.86000 0.99510
8.86100 0.98980
8.86200 0.98960
8.86300 0.99090
8.86400 0.99260
8.86500 0.99030
8.86600 0.98730
8.86700 0.99240
8.86800 0.99300
8.86900 0.99220
8.87000 0.99420
8.87100 0.98940
8.87200 0.99420
8.87300 0.99280
8.87400 0.99800
8.87500 0.99630
8.87600 0.99280
8.87700 1.00070
8.87800 0.99550
8.87900 0.99080
8.88000 0.99170
8.88100 0.98980
8.88200 0.99460
8.88300 0.99260
8.88400 0.99300
8.88500 0.99490
8.88600 0.99510
8.88700 0.99190
8.88800 0.99120
8.88900 0.99120
8.89000 0.99470
8.89100 0.99610
8.89200 0.99450
8.89300 0.99230
8.89400 0.99390
8.89500 0.99510
8.89600 1.00000
8.89700 1.00060
8.89800 0.99920
8.89900 0.99740
8.90000 0.99640
8.90100 1.00140
8.90200 1.00130
8.90300 0.99900
8.90400 0.99910
8.90500 1.00170
8.90600 1.00340
8.90700 1.00140
8.90800 1.00520
8.90900 1.00490
8.91000 1.00460
8.91100 1.00640
8.91200 1.00870
8.91300 1.00800
8.91400 1.00980
8.91500 1.01000
8.91600 1.00700
8.91700 1.01010
8.91800 1.00840
8.91900 1.01140
8.92000 1.01170
8.92100 1.01180
8.92200 1.01080
8.92300 1.01160
8.92400 1.01100
8.92500 1.01140
8.92600 1.00810
8.92700 1.00860
8.92800 1.00590
8.92900 1.00550
8.93000 1.00650
8.93100 1.00630
8.93200 1.00410
8.93300 1.00400
8.93400 1.00650
8.93500 1.00220
8.93600 1.00110
8.93700 1.00410
8.93800 0.99840
8.93900 1.00020
8.94000 1.00200
8.94100 1.00150
8.94200 1.00310
8.94300 1.00160
8.94400 1.00040
8.94500 1.00370
8.94600 1.00530
8.94700 1.00630
8.94800 1.00420
8.94900 1.00670
8.95000 1.00920
8.95100 1.00760
8.95200 1.00780
8.95300 1.00760
8.95400 1.00500
8.95500 1.00600
8.95600 1.00670
8.95700 1.00840
8.95800 1.00580
8.95900 1.00640
8.96000 1.00340
8.96100 1.00400
8.96200 1.00490
8.96300 1.00820
8.96400 1.00230
8.96500 1.00400
8.96600 1.00240
8.96700 1.00350
8.96800 1.00580
8.96900 1.00140
8.97000 1.00480
8.97100 1.00580
8.97200 1.00550
8.97300 1.00360
8.97400 1.00560
8.97500 1.00440
8.97600 1.00660
8.97700 1.00710
8.97800 1.00340
8.97900 1.00590
8.98000 1.00510
8.98100 1.00520
8.98200 1.01100
8.98300 1.00800
8.98400 1.00770
8.98500 1.00540
8.98600 1.00680
8.98700 1.00600
8.98800 1.00830
8.98900 1.01070
8.99000 1.00580
8.99100 1.00830
8.99200 1.01170
8.99300 1.01030
8.99400 1.01080
8.99500 1.01050
8.99600 1.00890
8.99700 1.01130
8.99800 1.01100
8.99900 1.01130
9.00000 1.01160
